4073
3023
3024
2780
98138
3069b
3004
54200
3710
3005
3020
3022
6558
15573
2412b
3070b
3021
3623
3666
3003
3010
11477
3001
85984
4274
2431
2420
3062b
15068
85861
43093
3795
87079
87580
3068b
25269
3040
4032
6636
3622
15712
87087
4070
32062
3009
99780
3460
4589
32028
99207
63864
24866
32123
3941
11211
2357
6091
4085
4162
3034
32054
22885
3660
44728
3700
2654
3039
41740
3665
98283
4519
33291
59443
3713
99206
92946
18654
60478
2877
30136
92280
63868
48336
99781
93273
3031
20482
32064
3245c
11214
61252
50950
35480
3002
6541
4477
61409
3673
32316
6536
62462
87994
32523
3032
30414
60483
14769
48729
15100
2540
33909
32000
4865
24201
32140
4286
32524
30374
99563
2456
3832
4740
42003
88323
11458
60470
11476
32952
32526
61678
3008
18674
32013
18651
60592
26047
53451
11090
3749
3705
2454
18677
26603
27925
41677
60481
4599b
60474
32073
2429c01
26601
3701
64644
60601
60479
40490
85080
3937
22388
15535
3065
63965
28192
4081b
24246
2436
87083
11212
14719
32278
49668
14704
2432
87552
3035
15070
15392
32525
3958
43722
2450
2445
32184
51739
34103
6632
43723
6134
26604
10247
41769
32607
88072
15379
30413
47457
41770
3037
6231
87620
4460b
32828
30357
24316
4282
3659
6628
24309
14716
27263
3747b
298c02
30565
32039
36840
32803
32556
2453
11203
3176
49307
14417
92947
3298
32034
93274
88646
60596
6014b
3036
22961
6005
3706
60477
33183
30153
29120
32002
29119
32270
4733
553
44302
4624
2458
44294
2423
23969
41239
4490
21459
2449
15470
22385
15462
6179
30237
93606
23443
3957
30503
3894
60484
48092
14418
18653
3030
11215
15571
54383
63869
55981
87544
3678
32449
3684c
6112
24307
13547
11478
54384
60581
87697
4287
2465
13965
3680
44301
3702
4510
3709
27507
24299
6589
64647
87747
18671
18649
92950
47905
6111
88930
18980
36841
32016
20310
96874
15208
32124
25214
60593
3029
4079b
3829c01
59349
6232
4697b
4216
3703
2817
3007
6587
52107
37352
87082
58176
15403
91988
3033
60471
3045
2921
15303
3839b
2476
59426
3899
2417
22888
43888
43857
11253
6126b
44567
2460
3028
88292
11833
15706
60849
98100
41539
2419
6180
32291
32009
4185
60594
4871
32192
41678
48989
60602
61184
3895
2653
11213
42610
30137
59895
43898
93095
2736
30383
64179
55013
92582
30350b
14696
92438
15533
36752a
15254
13731
3633
94925
15458
56145
30363
6003
41682
10928
30028
60476
30236
87609
4600
3679
32530
74967
10197
3938
37762
87081
11609
26287
6553
89522
13548
32014
11610
32474
18575
50745
32606
32056
30553
2723
14419
2496
64799
4488
99021
2730
22890
90194
99008
3707
3830
3831
50951
15461
60485
32063
18646
30165
64782
50304
92013
15332
3942c
32018
22667
50305
30602
47456
6106
24375
87414
15400
33299
32348
47455
15395
2343
41669
24855
35787
32015
57895
6629
23950
27261
30162
32001
43719
92907
17485
3038
30000
98282
40344
11208
27940
3297
33243
33078
11946
92402
85943
30031
30157
61485
11947
90195
47398
30044
35464
46212
6081
18041
30099
30176
16577
32271
30145
15391
40345
18976
2639
4345
75937
11618
14718
6157
47397
13971
4346
99773
3743
61482
11209
92690
32059
30552
60616
3006
30562
18977
3708
2462
6191
44375
25893
14720
40379
6215
6182
2447
74261
92410
98585
3648
3738
53585
92338
15209
18946
98834
85975
32072
55982
30526
47458
64648
4590
42023
95344
24482
52501
3960
19220
3685
64225
93160
91405
13564
92738
4175
88293
57909
3737
6060
2655
50254
58247
76766
39739
22886
22484
10884
35044
42022
60608
61780
4006
45590
18853
30663
60032
15397
15092
22889
26599
98721
18948
6259
2569
52031
3676
4349
90540
92099
21445
30166